Particle_ID	category	AED	min_circle	max_dia	AR	x	y	P	height	T	RH	border
20240320_085423_97_1	compact	16.016029622851896	39.6	70.1007310946184	2.0	652.0	539.0	421.3	6605	-34.0	61	0.0
20240320_085443_98_2	columns	13.165095253247278	29.7	59.14737948548524	2.357142857142857	832.0	525.0	413.1	6743	-35.1	70	0.0
20240320_085535_99_1	irregular	41.673297504892524	211.2	205.55583183164612	1.0952380952380953	553.0	61.0	392.4	7099	-37.7	71	0.0
20240320_085618_00_1	compact	15.010518076841858	46.2	60.06090658656427	1.3181818181818181	485.0	365.0	375.9	7393	-40.3	72	0.0
20240320_085650_01_1	compact	12.899106314237086	29.7	50.18279087496031	1.9285714285714286	499.0	469.0	363.8	7615	-42.3	76	0.0
20240320_085829_04_2	compact	11.921500789841884	39.6	44.33559518039653	1.0	455.0	189.0	328.4	8298	-48.2	61	0.0
20240320_085921_05_1	compact	17.063913721227156	85.8	85.24290293039063	1.0857142857142856	925.0	224.0	310.5	8665	-51.2	57	0.0
20240320_085954_06_1	compact	23.476727860289547	39.6	125.66025624675449	4.111111111111111	869.0	69.0	299.7	8894	-53.2	61	0.0
20240320_090046_08_1	rosettes	25.323566340469775	69.3	83.04271491226669	2.0303030303030303	127.0	922.0	283.5	9249	-56.0	55	0.0
20240320_090046_08_2	columns	13.554295149829755	99.0	83.38623987205563	1.9565217391304348	87.0	682.0	283.5	9249	-56.0	55	0.0
20240320_090046_08_4	compact	8.326337322666529	39.6	36.224922360165245	1.7272727272727273	206.0	19.0	283.5	9249	-56.0	55	0.0
20240320_090054_08_1	compact	18.524931076622295	75.89999999999999	81.67083322704623	1.0	492.0	404.0	281.1	9303	-56.4	55	0.0
20240320_090107_08_1	rosettes	15.907445119173854	46.2	66.81990721334473	1.5454545454545454	38.0	461.0	277.1	9393	-57.1	51	0.0
20240320_090124_09_1	rosettes	55.41864008832904	254.1	288.37733093986424	1.2162162162162162	230.0	174.0	271.6	9520	-57.9	45	0.0
20240320_090132_09_1	rosettes	70.30703226514508	481.8	506.5526872892888	1.0568720379146919	879.0	166.0	269.1	9579	-58.2	43	0.0
20240320_090156_10_1	irregular	38.92061750096762	155.1	175.76953660973223	1.2058823529411764	170.0	800.0	261.9	9749	-59.5	49	0.0
20240320_090208_10_1	compact	91.57078510010625	174.89999999999998	486.6828767277517	4.0394736842105265	235.0	562.0	258.5	9830	-60.3	52	0.0
20240320_090211_10_1	rosettes	16.016029622851896	42.9	77.47975542036771	2.0	85.0	55.0	257.6	9852	-60.3	52	0.0
20240320_090221_10_1	columns	33.564538797307804	541.1999999999999	397.78348382002986	4.0344827586206895	414.0	869.0	254.7	9922	-60.7	55	0.0
20240320_090221_10_2	columns	51.2932115133278	603.9	442.2554069765569	4.278688524590164	659.0	838.0	254.7	9922	-60.7	55	0.0
20240320_090221_10_3	compact	10.366206368618458	29.7	37.40808736089029	1.1333333333333333	250.0	511.0	254.7	9922	-60.7	55	0.0
20240320_090221_10_4	compact	10.695373943807148	23.1	43.59248788495559	1.7692307692307692	216.0	435.0	254.7	9922	-60.7	55	0.0
20240320_090221_10_5	rosettes	15.353007422548217	56.1	71.9407568767524	1.3461538461538463	673.0	164.0	254.7	9922	-60.7	55	0.0
20240320_090221_10_6	compact	8.929002026679916	23.1	34.33427587702994	1.4166666666666667	390.0	138.0	254.7	9922	-60.7	55	0.0
20240320_090224_11_1	columns	23.402785226668083	168.29999999999998	109.34907407015388	5.352941176470588	345.0	954.0	253.8	9944	-60.9	55	1.0
20240320_090224_11_2	columns	93.96226476835874	201.3	212.45952555722232	3.1363636363636362	224.0	866.0	253.8	9944	-60.9	55	1.0
20240320_090224_11_3	compact	40.19129149221669	178.2	215.8222706302573	1.3461538461538463	426.0	765.0	253.8	9944	-60.9	55	0.0
20240320_090240_11_1	compact	8.326337322666529	33.0	35.079481182024345	1.1428571428571428	821.0	158.0	249.2	10058	-61.3	52	0.0
20240320_090249_11_1	columns	31.65103563702913	287.1	235.72489261849285	2.2982456140350878	907.0	456.0	246.6	10124	-61.8	48	0.0
20240320_090256_11_1	rosettes	12.489505983999793	62.7	75.2515780565431	1.2857142857142858	827.0	873.0	244.5	10176	-62.2	50	0.0
20240320_090256_11_2	compact	13.032779379953169	33.0	55.46552983610631	1.7058823529411764	863.0	863.0	244.5	10176	-62.2	50	0.0
20240320_090256_11_4	columns	47.83116636626559	617.1	456.01236002985706	3.546666666666667	590.0	601.0	244.5	10176	-62.2	50	0.0
20240320_090257_12_2	columns	98.13075138295963	188.1	152.74758590563715	2.8313253012048194	712.0	919.0	244.2	10184	-62.2	51	1.0
20240320_090257_12_3	columns	77.88575387031695	211.2	195.85715457955573	1.9805825242718447	930.0	901.0	244.2	10184	-62.2	51	1.0
20240320_090257_12_4	rosettes	13.554295149829755	66.0	80.9173189125789	1.2258064516129032	136.0	862.0	244.2	10184	-62.2	51	0.0
20240320_090257_12_5	columns	15.46548517109509	42.9	69.3981447878832	1.85	171.0	852.0	244.2	10184	-62.2	51	0.0
20240320_090257_12_6	rosettes	100.53858378821016	211.2	189.75	3.3152173913043477	731.0	891.0	244.2	10184	-62.2	51	1.0
20240320_090257_12_7	rosettes	14.17924152807215	52.8	58.38295984274863	1.0833333333333333	351.0	757.0	244.2	10184	-62.2	51	0.0
20240320_090257_12_8	columns	46.28425110353018	442.2	450.2928297230592	3.011627906976744	1008.0	758.0	244.2	10184	-62.2	51	0.0
20240320_090306_12_1	columns	18.146831479667206	56.1	78.71727891638531	1.5384615384615385	616.0	743.0	241.4	10254	-62.6	56	0.0
20240320_090306_12_2	rosettes	70.08481457482267	531.3	509.5962961011392	1.1268292682926828	462.0	558.0	241.4	10254	-62.6	56	0.0
20240320_090313_12_1	rosettes	61.1007941798073	541.1999999999999	471.4844324047189	1.4268292682926829	685.0	443.0	239.7	10299	-63.0	59	0.0
20240320_090323_12_1	compact	11.3250431540032	39.6	36.63594546343796	4.4	738.0	957.0	237.1	10366	-63.4	61	0.0
20240320_090323_12_2	columns	9.674329735677814	23.1	9.621070626494744	2.0	759.0	957.0	237.1	10366	-63.4	61	1.0
20240320_090323_12_3	columns	11.77521916660829	49.5	32.417356462241024	1.8571428571428572	845.0	955.0	237.1	10366	-63.4	61	1.0
20240320_090323_12_4	compact	39.67043201032517	128.7	103.89760584344567	2.5161290322580645	742.0	949.0	237.1	10366	-63.4	61	1.0
20240320_090323_12_5	columns	54.08915874273707	475.2	363.27739401179366	2.76	417.0	740.0	237.1	10366	-63.4	61	0.0
20240320_090328_12_1	compact	32.93905779996573	122.1	143.2747360842099	1.2592592592592593	930.0	669.0	235.6	10403	-63.6	62	0.0
20240320_090334_13_1	rosettes	61.524815881978036	237.6	274.4461422574564	1.2285714285714286	954.0	796.0	234.1	10443	-63.8	64	0.0
20240320_090334_13_3	compact	17.165184127938325	181.5	168.5989991073494	2.742857142857143	87.0	10.0	234.1	10443	-63.8	64	1.0
20240320_090343_13_1	columns	34.22924765844292	267.3	209.29650020963084	2.3877551020408165	866.0	227.0	231.6	10507	-64.2	65	0.0
20240320_090345_13_1	plates	100.41783739712366	716.0999999999999	527.9226505843445	1.5846153846153845	498.0	877.0	231.1	10521	-64.2	65	1.0
20240320_090350_13_1	compact	42.37443137270973	178.2	161.37134968760716	1.1282051282051282	809.0	901.0	229.8	10557	-64.1	63	0.0
20240320_090358_13_1	compact	11.477063958198379	46.2	46.90181233172125	1.2222222222222223	264.0	853.0	227.8	10611	-63.1	60	0.0
20240320_090358_13_3	columns	18.146831479667206	92.4	84.66606463040549	1.5357142857142858	930.0	358.0	227.8	10611	-63.1	60	0.0
20240320_090401_13_1	columns	77.41702892824173	122.1	357.7723577919345	4.7592592592592595	405.0	750.0	226.9	10633	-63.1	59	0.0
20240320_090401_13_2	rosettes	131.91399166092364	280.5	369.7914682628575	1.540983606557377	338.0	613.0	226.9	10633	-63.1	59	0.0
20240320_090401_13_3	compact	37.65309304906392	141.9	169.31605062722198	1.2857142857142858	142.0	574.0	226.9	10633	-63.1	59	0.0
20240320_090401_13_4	rosettes	65.56164564035466	148.5	332.56813211731514	2.3125	952.0	585.0	226.9	10633	-63.1	59	0.0
20240320_090401_13_5	columns	25.39191617150457	283.8	214.98176666871075	3.1	528.0	545.0	226.9	10633	-63.1	59	0.0
20240320_090402_13_1	columns	64.8973767771695	181.5	334.73860324139486	2.2962962962962963	294.0	604.0	226.7	10641	-63.2	59	0.0
20240320_090405_13_1	compact	9.121045546043257	39.6	36.224922360165245	1.7272727272727273	636.0	813.0	225.9	10663	-63.3	58	0.0
20240320_090405_13_2	irregular	92.56850220706036	448.8	431.0923016014088	1.1085714285714285	510.0	725.0	225.9	10663	-63.3	58	0.0
20240320_090405_13_3	columns	38.83145216619569	603.9	444.2760965885965	3.7142857142857144	750.0	676.0	225.9	10663	-63.3	58	0.0
20240320_090427_14_1	columns	9.674329735677814	178.2	131.05820271924986	5.2	585.0	617.0	220.1	10821	-63.0	45	0.0
20240320_090436_14_1	plates	59.081802809031394	303.6	282.45860316159605	1.2110091743119267	631.0	551.0	218.0	10879	-62.6	36	0.0
20240320_090505_15_2	rosettes	85.03469445990575	1221.0	1326.142271779314	1.0298245614035089	731.0	252.0	210.5	11096	-59.0	12	1.0
20240320_090509_15_2	rosettes	61.94593521143594	313.5	329.04988223672103	1.0287769784172662	901.0	243.0	209.6	11123	-58.2	10	0.0
20240320_090520_15_1	plates	39.53914505783107	82.5	173.44631734343625	1.8979591836734695	945.0	11.0	207.4	11190	-57.9	9	1.0
20240320_090521_15_1	plates	47.64964325841978	132.0	220.84126652417112	1.8	264.0	20.0	207.2	11198	-57.9	9	1.0
20240320_090534_15_1	rosettes	60.44485066745322	369.6	317.5939270515102	1.4953271028037383	337.0	434.0	204.5	11279	-57.7	8	0.0
20240320_090546_16_1	columns	41.255300002858625	92.4	216.55267834871032	2.883720930232558	126.0	572.0	201.9	11360	-57.2	7	0.0
20240320_090546_16_2	irregular	37.83676776369291	181.5	189.0096426111641	1.0	193.0	544.0	201.9	11360	-57.2	7	0.0
20240320_090546_16_4	rosettes	47.137659863500744	224.4	229.84802043959397	1.010204081632653	308.0	524.0	201.9	11360	-57.2	7	0.0
20240320_090550_16_1	compact	9.851855180379046	29.7	42.581510071861	1.4	895.0	348.0	200.8	11394	-57.3	7	0.0
20240320_090550_16_2	rosettes	26.26428254203329	69.3	124.00274190516916	2.125	445.0	223.0	200.8	11394	-57.3	7	0.0
20240320_090551_16_1	compact	11.0147089439055	39.6	44.39695935534324	1.1111111111111112	200.0	346.0	200.5	11403	-57.3	7	0.0
20240320_090559_16_1	rosettes	69.36393723565274	346.5	372.713780936525	1.1125827814569536	272.0	248.0	198.4	11469	-57.3	7	0.0
20240320_090611_16_2	rosettes	66.50653792561246	372.9	345.0433668395902	1.2442748091603053	394.0	461.0	195.3	11569	-57.9	7	0.0
20240320_090636_17_1	rosettes	104.7928350823443	415.8	491.0489817726945	1.3166666666666667	252.0	479.0	189.4	11762	-57.7	5	0.0
20240320_090636_17_2	compact	48.40746626839749	234.3	227.87330361409164	1.1195652173913044	81.0	378.0	189.4	11762	-57.7	5	0.0
20240320_090636_17_6	compact	26.461513967068832	283.8	261.95016701655294	2.8846153846153846	880.0	15.0	189.4	11762	-57.7	5	1.0
20240320_090639_17_2	columns	32.14009347903893	158.39999999999998	189.43408484219515	1.3	966.0	281.0	188.8	11784	-57.1	4	0.0
20240320_090644_17_5	columns	7.676503711274108	356.4	341.06741269139155	1.8571428571428572	608.0	28.0	187.6	11823	-55.8	3	1.0
20240320_090646_17_4	columns	64.71015955732229	343.2	345.4770614671834	10.625	972.0	912.0	187.2	11838	-55.4	3	0.0
20240320_090646_17_5	irregular	30.986954044726467	201.3	178.03186512531963	1.459016393442623	72.0	401.0	187.2	11838	-55.4	3	0.0
20240320_090646_17_6	irregular	44.80002799612426	333.29999999999995	285.1255381406583	1.5425531914893618	179.0	305.0	187.2	11838	-55.4	3	0.0
20240320_090646_17_8	plates	30.762407940989018	72.6	159.40229766223572	2.0714285714285716	247.0	12.0	187.2	11838	-55.4	3	1.0
20240320_090649_17_1	compact	46.620054184433414	244.2	224.45458894841067	1.2738095238095237	210.0	336.0	186.6	11859	-54.8	2	0.0
20240320_090651_17_1	compact	41.75639489051186	188.1	197.2077901605309	1.036144578313253	343.0	372.0	186.2	11872	-54.6	2	0.0
20240320_090651_17_2	compact	28.963209557144015	122.1	131.96905887366174	1.0925925925925926	249.0	310.0	186.2	11872	-54.6	2	0.0
20240320_090651_17_3	plates	31.814890238347708	108.9	157.6160286899781	1.6734693877551021	568.0	55.0	186.2	11872	-54.6	2	0.0
20240320_090652_17_1	compact	58.640118547434305	293.7	290.7045278285152	1.075	613.0	454.0	186.0	11879	-54.4	2	0.0
20240320_090655_17_1	rosettes	69.56354610078404	435.6	416.0094710460328	1.119047619047619	836.0	375.0	185.4	11898	-54.2	2	0.0
20240320_090655_17_2	rosettes	81.11237307407379	660.0	552.690892362087	1.6193181818181819	507.0	288.0	185.4	11898	-54.2	2	0.0
20240320_090657_17_1	compact	33.46110391715877	155.1	148.72899011288953	1.1896551724137931	859.0	263.0	185.0	11912	-54.1	2	0.0
20240320_090707_17_1	compact	24.769978904226825	145.2	133.323675691904	1.3541666666666667	232.0	523.0	182.8	11989	-53.8	2	0.0
20240320_090707_17_3	compact	30.93097034219018	158.39999999999998	149.20416381589357	1.2678571428571428	793.0	489.0	182.8	11989	-53.8	2	0.0
20240320_090708_17_1	compact	28.722846815886346	108.9	120.45	1.1458333333333333	464.0	509.0	182.6	11997	-53.8	2	0.0
20240320_090708_17_2	irregular	29.320059273717153	158.39999999999998	150.23157124918848	1.2456140350877194	114.0	485.0	182.6	11997	-53.8	2	0.0
20240320_090708_17_5	rosettes	16.337453561118206	89.1	91.1242283917949	1.6206896551724137	316.0	8.0	182.6	11997	-53.8	2	1.0
20240320_090712_18_1	compact	27.299722562993534	75.89999999999999	112.22426208267088	1.1333333333333333	963.0	524.0	181.7	12028	-53.7	2	0.0
20240320_090712_18_2	compact	25.66349519264438	135.29999999999998	126.06043193643278	1.326086956521739	189.0	200.0	181.7	12028	-53.7	2	0.0
20240320_090712_18_3	compact	24.488492731764364	108.9	116.69595108657369	1.0408163265306123	264.0	119.0	181.7	12028	-53.7	2	0.0
20240320_090712_18_4	compact	27.55250316502267	135.29999999999998	134.0973993036405	1.4565217391304348	244.0	21.0	181.7	12028	-53.7	2	1.0
20240320_090713_18_1	compact	26.461513967068832	102.3	112.102899159656	1.0869565217391304	281.0	546.0	181.5	12035	-53.7	2	0.0
20240320_090713_18_2	compact	26.851631037846246	141.9	130.8815112993428	1.5	729.0	26.0	181.5	12035	-53.7	2	0.0
20240320_090717_18_1	rosettes	26.461513967068832	125.4	126.20073296142142	1.1176470588235294	275.0	486.0	180.6	12066	-53.4	2	0.0
20240320_090722_18_1	rosettes	25.59587058184073	92.4	125.85509524846422	1.4651162790697674	196.0	482.0	179.5	12105	-53.1	2	0.0
20240320_090722_18_2	compact	29.847335354419165	135.29999999999998	133.3338854155237	1.150943396226415	161.0	316.0	179.5	12105	-53.1	2	0.0
20240320_090722_18_3	compact	26.787006080039745	112.2	122.55624219108546	1.0588235294117647	480.0	234.0	179.5	12105	-53.1	2	0.0
20240320_090729_18_1	compact	18.618256257075956	92.4	92.3557929964331	1.135135135135135	176.0	331.0	178.1	12155	-52.8	2	0.0
20240320_090729_18_2	compact	24.132018211723793	108.9	106.48573848173284	1.1666666666666667	132.0	237.0	178.1	12155	-52.8	2	0.0
20240320_090729_18_3	compact	24.132018211723793	112.2	125.10656457596458	1.14	616.0	115.0	178.1	12155	-52.8	2	0.0
20240320_090733_18_1	compact	23.25419461182156	89.1	103.09529572196784	1.2	902.0	187.0	177.4	12181	-52.7	2	0.0
20240320_090752_18_1	compact	34.431191874595136	181.5	176.48830697811115	1.1267605633802817	673.0	78.0	174.1	12303	-52.0	2	0.0
20240320_090801_19_12	columns	90.40884143465622	303.6	278.30760859164445	2.8106060606060606	90.0	849.0	172.5	12364	-52.2	2	1.0
20240320_090801_19_13	columns	20.981709222290924	148.5	128.7	2.4	22.0	699.0	172.5	12364	-52.2	2	1.0
20240320_090801_19_14	compact	19.61555014064363	69.3	84.00428560496184	1.0	9.0	611.0	172.5	12364	-52.2	2	1.0
20240320_090801_19_15	plates	25.59587058184073	26.4	30.424496709066524	1.5	4.0	593.0	172.5	12364	-52.2	2	1.0
20240320_090801_19_2	plates	9.309128128537978	19.8	9.621070626494744	2.4	72.0	957.0	172.5	12364	-52.2	2	0.0
20240320_090801_19_3	plates	8.732736256862024	36.3	35.0017856687341	3.0	106.0	957.0	172.5	12364	-52.2	2	1.0
20240320_090805_19_2	compact	26.916100833017577	122.1	113.8978160457873	1.255813953488372	498.0	385.0	171.8	12388	-52.3	2	0.0
20240320_090813_19_1	rosettes	143.83130164922918	495.0	694.7048671918169	1.6837209302325582	344.0	526.0	170.3	12447	-52.5	2	0.0
20240320_090816_19_1	plates	111.83359037084368	518.1	575.2468904739945	1.4820512820512821	73.0	284.0	169.7	12469	-52.5	2	1.0
20240320_090822_19_1	compact	19.70371036075809	79.19999999999999	83.50043413060796	1.425	11.0	929.0	168.6	12510	-52.3	1	1.0
20240320_090822_19_2	compact	22.18621287639894	89.1	96.90150927617177	1.075	104.0	810.0	168.6	12510	-52.3	1	0.0
20240320_090822_19_3	compact	15.46548517109509	39.6	68.62889333218189	1.9473684210526316	213.0	527.0	168.6	12510	-52.3	1	0.0
20240320_090825_19_1	rosettes	103.96258245911524	458.7	524.1964564931739	1.1493775933609958	937.0	753.0	168.1	12531	-52.1	1	0.0
20240320_090829_19_1	rosettes	76.96797044787779	392.7	451.9825577386809	1.2514619883040936	391.0	624.0	167.3	12561	-52.1	1	0.0
20240320_090829_19_2	compact	17.662828749912435	75.89999999999999	72.93671914749113	1.2962962962962963	815.0	144.0	167.3	12561	-52.1	1	0.0
20240320_090853_20_1	compact	30.021036153683717	122.1	133.08863587850016	1.0727272727272728	262.0	447.0	163.4	12716	-51.5	1	0.0
20240320_090906_20_2	rosettes	18.98697039278025	42.9	95.60037918334842	2.5714285714285716	510.0	565.0	161.1	12806	-51.6	1	0.0
20240320_090928_21_1	columns	56.225900885746874	267.3	284.92017303097373	1.0854700854700854	698.0	656.0	157.0	12972	-52.1	1	0.0
20240320_091015_22_1	compact	17.95479611219124	75.89999999999999	82.84577539017906	1.0285714285714285	609.0	537.0	149.6	13285	-51.7	1	0.0
20240320_091040_22_1	compact	10.366206368618458	42.9	52.619221773036514	1.1428571428571428	798.0	11.0	145.5	13464	-52.2	1	1.0
20240320_091111_23_1	compact	11.921500789841884	33.0	45.87474795571088	1.2941176470588236	326.0	464.0	140.3	13701	-52.5	1	0.0
20240320_091124_23_1	compact	17.26586055794982	62.7	75.2515780565431	1.2857142857142858	387.0	23.0	138.8	13773	-52.6	1	0.0
20240320_091135_23_2	compact	18.711115966576912	79.19999999999999	78.38802523345004	1.1612903225806452	870.0	605.0	137.0	13854	-52.6	1	0.0
20240320_091136_23_1	compact	11.0147089439055	29.7	43.93463895379135	1.4666666666666666	406.0	720.0	136.9	13862	-52.5	1	0.0
20240320_091136_23_2	compact	15.798114303896732	85.8	79.2171856354415	1.3928571428571428	197.0	595.0	136.9	13862	-52.5	1	0.0
